Force 275 438 1
Vita 370 245 2
Speed 70 155 3
Vita 78 1296 4
Force 1260 462 5
Speed 175 914 6
Vita 1956 268 7
Force 820 2226 8
Speed 966 656 9
Vita 726 2305 10
Force 879 1329 11
Speed 915 2310 12
Vita 174 2928 13
Force 621 3075 14
Speed 1162 2640 15
Vita 618 3474 16
Force 1566 3627 17
Speed 1842 2799 18
Vita 3016 2348 19
Force 2666 1776 20
Speed 3183 1685 21
Vita 2958 2864 22
Force 3662 974 23
Speed 3206 3248 24
Vita 1951 2499 25
Force 1980 2499 26
Speed 2000 2499 27
Vita 1389 1140 28
Force 237 1776 29
Speed 660 1968 30
Vita 690 1644 31
Force 756 1299 32
Speed 753 1137 33
Vita 783 786 34
Force 1065 369 35
Speed 654 87 36
Vita 1233 2379 37
Force 1485 2475 38
Speed 426 3141 39
Vita 75 3441 40
Force 1194 3246 41
Speed 1170 2835 42
Vita 1707 3126 43
Force 3564 181 44
Speed 2519 264 45
Vita 3245 1281 46
Force 3426 1386 47
Speed 2623 2761 48
Vita 2920 3344 49
Force 3399 3338 50
Speed 3509 3063 51
